function [ path ] = pathPoints(  )
%UNTITLED Summary of this function goes here
%   Detailed explanation goes here
start = [1010 250];

p1 = [(950:-50:600)' 250*ones(8,1)];
p2 = [600*ones(6,1) (250:50:500)'];
p3 = [(600:50:900)' 500*ones(7,1)];
p4 = [900*ones(3,1) (500:-50:400)'];
p5 = [(900:-50:500)' (400:5:440)'];
p6 = [(500:-50:300)' (440:-35:300)'];
p7 = [(300:14:440)' (300:28:580)'];
p8 = [(440:-50:240)' (580:30:700)'];
p9 = [(240:50:440)' (700:20:780)'];
p10= [440*ones(11,1) (780:54:1320)'];
p11= [(440:55:1540)' 1320*ones(21,1)];
p12= [(1540:-50:1040)' (1320:-13:1190)'];
p13= [(1040:-43:610)' 1190*ones(11,1)];
p14= [610*ones(6,1) (1190:-38:1000)'];
p15= [(610:60:910)' 1000*ones(6,1)];
p16= [910*ones(6,1) (1000:-36:820)'];
p17= [(910:-64:590)' 820*ones(6,1)];
p18= [590*ones(6,1) (820:-36:640)'];
p19= [(590:50:1090)' 640*ones(11,1)];
p20= [1090*ones(11,1) (640:40:1040)'];
p21= [(1090:50:1590)' 1040*ones(11,1)];
p22= [(1590:-9.5:1400)' (1040:-32:400)'];
p23= [(1400:-42.5:1230)' 400*ones(5,1)];
p24= [1230*ones(4,1) (400:-40:280)'];


path = [start;p1;p2;p3;p4;p5;p6;p7;p8;p9;p10;p11;p12;
     p13;p14;p15;p16;p17;p18;p19;p20;p21;p22;p23;p24;];



end

